C_0d: 0.458
C_0v: 0.0
C_Sf: 3.302707840606955
C_Sr: 8.040454202816587
C_acc: 3.2
C_d: -0.87
C_dec: 3.2
C_v: 3500.0
I_z: 0.0627
a_max: 3
a_min: -3
h_cg: 0.007
l_f: 0.174
l_r: 0.15100000000000002
l_wb: 0.325
m: 3.75
model_name: NUC7
mu: 1.0
tire_model: linear
